0.0 0.03539253765256569 0 
0.000500000000000056 0.03539253765256569 0 
0.0010000000000000564 0.03539253765256569 0 
0.0015000000000000568 0.03539253765256569 0 
0.0020000000000000573 0.03539253765256569 0 
0.0025000000000000577 0.03539253765256569 0 
0.003000000000000058 0.03539253765256569 0 
0.0035000000000000586 0.03539253765256569 0 
0.004000000000000059 0.03539253765256569 0 
0.0045000000000000595 0.03539253765256569 0 
0.0050000000000001155 0.03539253765256569 0 
0.005500000000000116 0.03539253765256569 0 
0.006000000000000116 0.03539253765256569 0 
0.006500000000000117 0.03539253765256569 0 
0.007000000000000117 0.03539253765256569 0 
0.007500000000000118 0.03539253765256569 0 
0.008000000000000118 0.03539253765256569 0 
0.008500000000000119 0.03539253765256569 0 
0.009000000000000175 0.03539253765256569 0 
0.009500000000000175 0.03539253765256569 0 
0.010000000000000175 0.03539253765256569 0 
0.010500000000000176 0.03539253765256569 0 
0.011000000000000176 0.03539253765256569 0 
0.011500000000000177 0.03539253765256569 0 
0.012000000000000177 0.03539253765256569 0 
0.012500000000000178 0.03539253765256569 0 
0.013000000000000234 0.03539253765256569 0 
0.013500000000000234 0.03539253765256569 0 
0.014000000000000234 0.03539253765256569 0 
0.014500000000000235 0.03539253765256569 0 
0.015000000000000235 0.03539253765256569 0 
0.015500000000000236 0.03539253765256569 0 
0.016000000000000236 0.03539253765256569 0 
0.016500000000000237 0.03539253765256569 0 
0.017000000000000237 0.03539253765256569 0 
0.017500000000000293 0.03539253765256569 0 
0.018000000000000294 0.03539253765256569 0 
0.018500000000000294 0.03539253765256569 0 
0.019000000000000294 0.03539253765256569 0 
0.019500000000000295 0.03539253765256569 0 
0.020000000000000295 0.03539253765256569 0 
0.020500000000000296 0.03539253765256569 0 
0.021000000000000296 0.03539253765256569 0 
0.021500000000000352 0.03539253765256569 0 
0.022000000000000353 0.03539253765256569 0 
0.022500000000000353 0.03539253765256569 0 
0.023000000000000353 0.03539253765256569 0 
0.023500000000000354 0.03539253765256569 0 
0.024000000000000354 0.03539253765256569 0 
0.024500000000000355 0.03539253765256569 0 
0.025000000000000355 0.03539253765256569 0 
0.02550000000000041 0.03539253765256569 0 
0.02600000000000041 0.03539253765256569 0 
0.026500000000000412 0.03539253765256569 0 
0.027000000000000413 0.03539253765256569 0 
0.027500000000000413 0.03539253765256569 0 
0.028000000000000413 0.03539253765256569 0 
0.028500000000000414 0.03539253765256569 0 
0.029000000000000414 0.03539253765256569 0 
0.02950000000000047 0.03539253765256569 0 
0.03000000000000047 0.03539253765256569 0 
0.03050000000000047 0.03539253765256569 0 
0.03100000000000047 0.03539253765256569 0 
0.03150000000000047 0.03539253765256569 0 
0.03200000000000047 0.03539253765256569 0 
0.03250000000000047 0.03539253765256569 0 
0.03300000000000047 0.03539253765256569 0 
0.033500000000000474 0.03539253765256569 0 
0.03400000000000053 0.03539253765256569 0 
0.03450000000000053 0.03539253765256569 0 
0.03500000000000053 0.03539253765256569 0 
0.03550000000000053 0.03539253765256569 0 
0.03600000000000053 0.03539253765256569 0 
0.03650000000000053 0.03539253765256569 0 
0.03700000000000053 0.03539253765256569 0 
0.03750000000000053 0.03539253765256569 0 
0.03800000000000059 0.03539253765256569 0 
0.03850000000000059 0.03539253765256569 0 
0.03900000000000059 0.03539253765256569 0 
0.03950000000000059 0.03539253765256569 0 
0.04000000000000059 0.03539253765256569 0 
0.04050000000000059 0.03539253765256569 0 
0.04100000000000059 0.03539253765256569 0 
0.04150000000000062 0.03539253765256569 0 
0.04200000000000062 0.03539253765256569 0 
0.04250000000000062 0.03539253765256569 0 
0.04300000000000062 0.03539253765256569 0 
0.04350000000000065 0.03539253765256569 0 
0.04400000000000065 0.03539253765256569 0 
0.04450000000000065 0.03539253765256569 0 
0.04500000000000065 0.03539253765256569 0 
0.04550000000000068 0.03539253765256569 0 
0.04600000000000068 0.03539253765256569 0 
0.04650000000000068 0.03539253765256569 0 
0.04700000000000068 0.03539253765256569 0 
0.04750000000000071 0.03539253765256569 0 
0.04800000000000071 0.03539253765256569 0 
0.04850000000000071 0.03539253765256569 0 
0.04900000000000071 0.03539253765256569 0 
0.04950000000000074 0.03539253765256569 0 
0.05000000000000074 0.03539253765256569 0 
0.05050000000000074 0.03539253765256569 0 
0.05100000000000074 0.03539253765256569 0 
0.05150000000000077 0.03539253765256569 0 
0.05200000000000077 0.03539253765256569 0 
0.05250000000000077 0.03539253765256569 0 
0.05300000000000077 0.03539253765256569 0 
0.0535000000000008 0.03539253765256569 0 
0.0540000000000008 0.03539253765256569 0 
0.0545000000000008 0.03539253765256569 0 
0.0550000000000008 0.03539253765256569 0 
0.055500000000000826 0.03539253765256569 0 
0.05600000000000083 0.03539253765256569 0 
0.05650000000000083 0.03539253765256569 0 
0.05700000000000083 0.03539253765256569 0 
0.05750000000000083 0.03539253765256569 0 
0.058000000000000856 0.03539253765256569 0 
0.05850000000000086 0.03539253765256569 0 
0.05900000000000086 0.03539253765256569 0 
0.05950000000000086 0.03539253765256569 0 
0.060000000000000886 0.03539253765256569 0 
0.060500000000000886 0.03539253765256569 0 
0.06100000000000089 0.03539253765256569 0 
0.06150000000000089 0.03539253765256569 0 
0.062000000000000915 0.03539253765256569 0 
0.06250000000000092 0.03539253765256569 0 
0.06300000000000092 0.03539253765256569 0 
0.06350000000000092 0.03539253765256569 0 
0.06400000000000095 0.03539253765256569 0 
0.06450000000000095 0.03539253765256569 0 
0.06500000000000095 0.03539253765256569 0 
0.06550000000000095 0.03539253765256569 0 
0.06600000000000097 0.03539253765256569 0 
0.06650000000000097 0.03539253765256569 0 
0.06700000000000098 0.03539253765256569 0 
0.06750000000000098 0.03539253765256569 0 
0.068000000000001 0.03539253765256569 0 
0.068500000000001 0.03539253765256569 0 
0.069000000000001 0.03539253765256569 0 
0.069500000000001 0.03539253765256569 0 
0.070000000000001 0.03539253765256569 0 
0.07050000000000103 0.03539253765256569 0 
0.07100000000000103 0.03539253765256569 0 
0.07150000000000103 0.03539253765256569 0 
0.07200000000000104 0.03539253765256569 0 
0.07250000000000106 0.03539253765256569 0 
0.07300000000000106 0.03539253765256569 0 
0.07350000000000106 0.03539253765256569 0 
0.07400000000000106 0.03539253765256569 0 
0.0745000000000011 0.03539253765256569 0 
0.0750000000000011 0.03539253765256569 0 
0.0755000000000011 0.03539253765256569 0 
0.0760000000000011 0.03539253765256569 0 
0.07650000000000112 0.03539253765256569 0 
0.07700000000000112 0.03539253765256569 0 
0.07750000000000112 0.03539253765256569 0 
0.07800000000000112 0.03539253765256569 0 
0.07850000000000115 0.03539253765256569 0 
0.07900000000000115 0.03539253765256569 0 
0.07950000000000115 0.03539253765256569 0 
0.08000000000000115 0.03539253765256569 0 
0.08050000000000118 0.03539253765256569 0 
0.08100000000000118 0.03539253765256569 0 
0.08150000000000118 0.03539253765256569 0 
0.08200000000000118 0.03539253765256569 0 
0.08250000000000118 0.03539253765256569 0 
0.08300000000000121 0.03539253765256569 0 
0.08350000000000121 0.03539253765256569 0 
0.08400000000000121 0.03539253765256569 0 
0.08450000000000121 0.03539253765256569 0 
0.08500000000000124 0.03539253765256569 0 
0.08550000000000124 0.03539253765256569 0 
0.08600000000000124 0.03539253765256569 0 
0.08650000000000124 0.03539253765256569 0 
0.08700000000000127 0.03539253765256569 0 
0.08750000000000127 0.03539253765256569 0 
0.08800000000000127 0.03539253765256569 0 
0.08850000000000127 0.03539253765256569 0 
0.0890000000000013 0.03539253765256569 0 
0.0895000000000013 0.03539253765256569 0 
0.0900000000000013 0.03539253765256569 0 
0.0905000000000013 0.03539253765256569 0 
0.09100000000000133 0.03539253765256569 0 
0.09150000000000133 0.03539253765256569 0 
0.09200000000000133 0.03539253765256569 0 
0.09250000000000133 0.03539253765256569 0 
0.09300000000000136 0.03539253765256569 0 
0.09350000000000136 0.03539253765256569 0 
0.09400000000000136 0.03539253765256569 0 
0.09450000000000136 0.03539253765256569 0 
0.09500000000000136 0.03539253765256569 0 
0.09550000000000139 0.03539253765256569 0 
0.09600000000000139 0.03539253765256569 0 
0.09650000000000139 0.03539253765256569 0 
0.09700000000000139 0.03539253765256569 0 
0.09750000000000142 0.03539253765256569 0 
0.09800000000000142 0.03539253765256569 0 
0.09850000000000142 0.03539253765256569 0 
0.09900000000000142 0.03539253765256569 0 
0.09950000000000145 0.03539253765256569 0 
0.10000000000000145 0.03539253765256569 0 
0.10050000000000145 0.03539253765256569 0 
0.10100000000000145 0.03539253765256569 0 
0.10150000000000148 0.03539253765256569 0 
0.10200000000000148 0.03539253765256569 0 
0.10250000000000148 0.03539253765256569 0 
0.10300000000000148 0.03539253765256569 0 
0.10350000000000151 0.03539253765256569 0 
0.10400000000000151 0.03539253765256569 0 
0.10450000000000151 0.03539253765256569 0 
0.10500000000000151 0.03539253765256569 0 
0.10550000000000154 0.03539253765256569 0 
0.10600000000000154 0.03539253765256569 0 
0.10650000000000154 0.03539253765256569 0 
0.10700000000000154 0.03539253765256569 0 
0.10750000000000157 0.03539253765256569 0 
0.10800000000000157 0.03539253765256569 0 
0.10850000000000157 0.03539253765256569 0 
0.10900000000000157 0.03539253765256569 0 
0.10950000000000157 0.03539253765256569 0 
0.1100000000000016 0.03539253765256569 0 
0.1105000000000016 0.03539253765256569 0 
0.1110000000000016 0.03539253765256569 0 
0.1115000000000016 0.03539253765256569 0 
0.11200000000000163 0.03539253765256569 0 
0.11250000000000163 0.03539253765256569 0 
0.11300000000000163 0.03539253765256569 0 
0.11350000000000163 0.03539253765256569 0 
0.11400000000000166 0.03539253765256569 0 
0.11450000000000166 0.03539253765256569 0 
0.11500000000000166 0.03539253765256569 0 
0.11550000000000166 0.03539253765256569 0 
0.11600000000000169 0.03539253765256569 0 
0.11650000000000169 0.03539253765256569 0 
0.11700000000000169 0.03539253765256569 0 
0.11750000000000169 0.03539253765256569 0 
0.11800000000000171 0.03539253765256569 0 
0.11850000000000172 0.03539253765256569 0 
0.11900000000000172 0.03539253765256569 0 
0.11950000000000172 0.03539253765256569 0 
0.12000000000000174 0.03539253765256569 0 
0.12050000000000174 0.03539253765256569 0 
0.12100000000000175 0.03539253765256569 0 
0.12150000000000175 0.03539253765256569 0 
0.12200000000000175 0.03539253765256569 0 
0.12250000000000177 0.03539253765256569 0 
0.12300000000000177 0.03539253765256569 0 
0.12350000000000178 0.03539253765256569 0 
0.12400000000000178 0.03539253765256569 0 
0.1245000000000018 0.03539253765256569 0 
0.1250000000000018 0.03539253765256569 0 
0.1255000000000018 0.03539253765256569 0 
0.1260000000000018 0.03539253765256569 0 
0.12650000000000183 0.03539253765256569 0 
0.12700000000000183 0.03539253765256569 0 
0.12750000000000183 0.03539253765256569 0 
0.12800000000000183 0.03539253765256569 0 
0.12850000000000186 0.03539253765256569 0 
0.12900000000000186 0.03539253765256569 0 
0.12950000000000186 0.03539253765256569 0 
0.13000000000000186 0.03539253765256569 0 
0.1305000000000019 0.03539253765256569 0 
0.1310000000000019 0.03539253765256569 0 
0.1315000000000019 0.03539253765256569 0 
0.1320000000000019 0.03539253765256569 0 
0.13250000000000192 0.03539253765256569 0 
0.13300000000000192 0.03539253765256569 0 
0.13350000000000192 0.03539253765256569 0 
0.13400000000000192 0.03539253765256569 0 
0.13450000000000192 0.03539253765256569 0 
0.13500000000000195 0.03539253765256569 0 
0.13550000000000195 0.03539253765256569 0 
0.13600000000000195 0.03539253765256569 0 
0.13650000000000195 0.03539253765256569 0 
0.13700000000000198 0.03539253765256569 0 
0.13750000000000198 0.03539253765256569 0 
0.13800000000000198 0.03539253765256569 0 
0.13850000000000198 0.03539253765256569 0 
0.139000000000002 0.03539253765256569 0 
0.139500000000002 0.03539253765256569 0 
0.140000000000002 0.03539253765256569 0 
0.140500000000002 0.03539253765256569 0 
0.14100000000000204 0.03539253765256569 0 
0.14150000000000204 0.03539253765256569 0 
0.14200000000000204 0.03539253765256569 0 
0.14250000000000204 0.03539253765256569 0 
0.14300000000000207 0.03539253765256569 0 
0.14350000000000207 0.03539253765256569 0 
0.14400000000000207 0.03539253765256569 0 
0.14450000000000207 0.03539253765256569 0 
0.1450000000000021 0.03539253765256569 0 
0.1455000000000021 0.03539253765256569 0 
0.1460000000000021 0.03539253765256569 0 
0.1465000000000021 0.03539253765256569 0 
0.1470000000000021 0.03539253765256569 0 
0.14750000000000213 0.03539253765256569 0 
0.14800000000000213 0.03539253765256569 0 
0.14850000000000213 0.03539253765256569 0 
0.14900000000000213 0.03539253765256569 0 
0.14950000000000216 0.03539253765256569 0 
0.15000000000000216 0.03539253765256569 0 
0.15050000000000216 0.03539253765256569 0 
0.15100000000000216 0.03539253765256569 0 
0.1515000000000022 0.03539253765256569 0 
0.1520000000000022 0.03539253765256569 0 
0.1525000000000022 0.03539253765256569 0 
0.1530000000000022 0.03539253765256569 0 
0.15350000000000222 0.03539253765256569 0 
0.15400000000000222 0.03539253765256569 0 
0.15450000000000222 0.03539253765256569 0 
0.15500000000000222 0.03539253765256569 0 
0.15550000000000225 0.03539253765256569 0 
0.15600000000000225 0.03539253765256569 0 
0.15650000000000225 0.03539253765256569 0 
0.15700000000000225 0.03539253765256569 0 
0.15750000000000228 0.03539253765256569 0 
0.15800000000000228 0.03539253765256569 0 
0.15850000000000228 0.03539253765256569 0 
0.15900000000000228 0.03539253765256569 0 
0.1595000000000023 0.03539253765256569 0 
0.1600000000000023 0.03539253765256569 0 
0.1605000000000023 0.03539253765256569 0 
0.1610000000000023 0.03539253765256569 0 
0.1615000000000023 0.03539253765256569 0 
0.16200000000000234 0.03539253765256569 0 
0.16250000000000234 0.03539253765256569 0 
0.16300000000000234 0.03539253765256569 0 
0.16350000000000234 0.03539253765256569 0 
0.16400000000000237 0.03539253765256569 0 
0.16450000000000237 0.03539253765256569 0 
0.16500000000000237 0.03539253765256569 0 
0.16550000000000237 0.03539253765256569 0 
0.1660000000000024 0.03539253765256569 0 
0.1665000000000024 0.03539253765256569 0 
0.1670000000000024 0.03539253765256569 0 
0.16750000000000242 0.03539253765256569 0 
0.16800000000000243 0.03539253765256569 0 
0.16850000000000243 0.03539253765256569 0 
0.16900000000000243 0.03539253765256569 0 
0.16950000000000243 0.03539253765256569 0 
0.17000000000000243 0.03539253765256569 0 
0.17050000000000246 0.03539253765256569 0 
0.17100000000000246 0.03539253765256569 0 
0.17150000000000248 0.03539253765256569 0 
0.17200000000000248 0.03539253765256569 0 
0.17250000000000248 0.03539253765256569 0 
0.17300000000000249 0.03539253765256569 0 
0.17350000000000249 0.03539253765256569 0 
0.17400000000000249 0.03539253765256569 0 
0.1745000000000025 0.03539253765256569 0 
0.17500000000000251 0.03539253765256569 0 
0.17550000000000252 0.03539253765256569 0 
0.17600000000000254 0.03539253765256569 0 
0.17650000000000254 0.03539253765256569 0 
0.17700000000000254 0.03539253765256569 0 
0.17750000000000254 0.03539253765256569 0 
0.17800000000000255 0.03539253765256569 0 
0.17850000000000255 0.03539253765256569 0 
0.17900000000000257 0.03539253765256569 0 
0.17950000000000257 0.03539253765256569 0 
0.1800000000000026 0.03539253765256569 0 
0.1805000000000026 0.03539253765256569 0 
0.1810000000000026 0.03539253765256569 0 
0.1815000000000026 0.03539253765256569 0 
0.1820000000000026 0.03539253765256569 0 
0.1825000000000026 0.03539253765256569 0 
0.18300000000000263 0.03539253765256569 0 
0.18350000000000263 0.03539253765256569 0 
0.18400000000000266 0.03539253765256569 0 
0.18450000000000266 0.03539253765256569 0 
0.18500000000000266 0.03539253765256569 0 
0.18550000000000266 0.03539253765256569 0 
0.18600000000000266 0.03539253765256569 0 
0.18650000000000266 0.03539253765256569 0 
0.18700000000000266 0.03539253765256569 0 
0.1875000000000027 0.03539253765256569 0 
0.1880000000000027 0.03539253765256569 0 
0.18850000000000272 0.03539253765256569 0 
0.18900000000000272 0.03539253765256569 0 
0.18950000000000272 0.03539253765256569 0 
0.19000000000000272 0.03539253765256569 0 
0.19050000000000272 0.03539253765256569 0 
0.19100000000000272 0.03539253765256569 0 
0.19150000000000275 0.03539253765256569 0 
0.19200000000000275 0.03539253765256569 0 
0.19250000000000278 0.03539253765256569 0 
0.19300000000000278 0.03539253765256569 0 
0.19350000000000278 0.03539253765256569 0 
0.19400000000000278 0.03539253765256569 0 
0.19450000000000278 0.03539253765256569 0 
0.19500000000000278 0.03539253765256569 0 
0.1955000000000028 0.03539253765256569 0 
0.1960000000000028 0.03539253765256569 0 
0.19650000000000284 0.03539253765256569 0 
0.19700000000000284 0.03539253765256569 0 
0.19750000000000284 0.03539253765256569 0 
0.19800000000000284 0.03539253765256569 0 
0.19850000000000284 0.03539253765256569 0 
0.19900000000000284 0.03539253765256569 0 
0.19950000000000284 0.03539253765256569 0 
0.20000000000000287 0.03539253765256569 0 
0.20050000000000287 0.03539253765256569 0 
0.2010000000000029 0.03539253765256569 0 
0.2015000000000029 0.03539253765256569 0 
0.2020000000000029 0.03539253765256569 0 
0.2025000000000029 0.03539253765256569 0 
0.2030000000000029 0.03539253765256569 0 
0.2035000000000029 0.03539253765256569 0 
0.20400000000000293 0.03539253765256569 0 
0.20450000000000293 0.03539253765256569 0 
0.20500000000000296 0.03539253765256569 0 
0.20550000000000296 0.03539253765256569 0 
0.20600000000000296 0.03539253765256569 0 
0.20650000000000296 0.03539253765256569 0 
0.20700000000000296 0.03539253765256569 0 
0.20750000000000296 0.03539253765256569 0 
0.208000000000003 0.03539253765256569 0 
0.208500000000003 0.03539253765256569 0 
0.20900000000000302 0.03539253765256569 0 
0.20950000000000302 0.03539253765256569 0 
0.21000000000000302 0.03539253765256569 0 
0.21050000000000302 0.03539253765256569 0 
0.21100000000000302 0.03539253765256569 0 
0.21150000000000302 0.03539253765256569 0 
0.21200000000000302 0.03539253765256569 0 
0.21250000000000305 0.03539253765256569 0 
0.21300000000000305 0.03539253765256569 0 
0.21350000000000308 0.03539253765256569 0 
0.21400000000000308 0.03539253765256569 0 
0.21450000000000308 0.03539253765256569 0 
0.21500000000000308 0.03539253765256569 0 
0.21550000000000308 0.03539253765256569 0 
0.21600000000000308 0.03539253765256569 0 
0.2165000000000031 0.03539253765256569 0 
0.2170000000000031 0.03539253765256569 0 
0.21750000000000314 0.03539253765256569 0 
0.21800000000000314 0.03539253765256569 0 
0.21850000000000314 0.03539253765256569 0 
0.21900000000000314 0.03539253765256569 0 
0.21950000000000314 0.03539253765256569 0 
0.22000000000000314 0.03539253765256569 0 
0.22050000000000317 0.03539253765256569 0 
0.22100000000000317 0.03539253765256569 0 
0.2215000000000032 0.03539253765256569 0 
0.2220000000000032 0.03539253765256569 0 
0.2225000000000032 0.03539253765256569 0 
0.2230000000000032 0.03539253765256569 0 
0.2235000000000032 0.03539253765256569 0 
0.2240000000000032 0.03539253765256569 0 
0.22450000000000322 0.03539253765256569 0 
0.22500000000000323 0.03539253765256569 0 
0.22550000000000323 0.03539253765256569 0 
0.22600000000000325 0.03539253765256569 0 
0.22650000000000325 0.03539253765256569 0 
0.22700000000000325 0.03539253765256569 0 
0.22750000000000326 0.03539253765256569 0 
0.22800000000000326 0.03539253765256569 0 
0.22850000000000326 0.03539253765256569 0 
0.22900000000000328 0.03539253765256569 0 
0.22950000000000328 0.03539253765256569 0 
0.2300000000000033 0.03539253765256569 0 
0.2305000000000033 0.03539253765256569 0 
0.2310000000000033 0.03539253765256569 0 
0.23150000000000331 0.03539253765256569 0 
0.23200000000000331 0.03539253765256569 0 
0.23250000000000332 0.03539253765256569 0 
0.23300000000000334 0.03539253765256569 0 
0.23350000000000334 0.03539253765256569 0 
0.23400000000000334 0.03539253765256569 0 
0.23450000000000337 0.03539253765256569 0 
0.23500000000000337 0.03539253765256569 0 
0.23550000000000337 0.03539253765256569 0 
0.23600000000000337 0.03539253765256569 0 
0.23650000000000337 0.03539253765256569 0 
0.2370000000000034 0.03539253765256569 0 
0.2375000000000034 0.03539253765256569 0 
0.2380000000000034 0.03539253765256569 0 
0.23850000000000343 0.03539253765256569 0 
0.23900000000000343 0.03539253765256569 0 
0.23950000000000343 0.03539253765256569 0 
0.24000000000000343 0.03539253765256569 0 
0.24050000000000343 0.03539253765256569 0 
0.24100000000000346 0.03539253765256569 0 
0.24150000000000346 0.03539253765256569 0 
0.24200000000000346 0.03539253765256569 0 
0.2425000000000035 0.03539253765256569 0 
0.2430000000000035 0.03539253765256569 0 
0.2435000000000035 0.03539253765256569 0 
0.2440000000000035 0.03539253765256569 0 
0.2445000000000035 0.03539253765256569 0 
0.2450000000000035 0.03539253765256569 0 
0.24550000000000352 0.03539253765256569 0 
0.24600000000000352 0.03539253765256569 0 
0.24650000000000352 0.03539253765256569 0 
0.24700000000000355 0.03539253765256569 0 
0.24750000000000355 0.03539253765256569 0 
0.24800000000000355 0.03539253765256569 0 
0.24850000000000355 0.03539253765256569 0 
0.24900000000000355 0.03539253765256569 0 
0.24950000000000358 0.03539253765256569 0 
0.25000000000000355 0.03539253765256569 0 
0.2505000000000036 0.03539253765256569 0 
0.2510000000000036 0.03539253765256569 0 
0.2515000000000036 0.03539253765256569 0 
0.2520000000000036 0.03539253765256569 0 
0.2525000000000036 0.03539253765256569 0 
0.2530000000000036 0.03539253765256569 0 
0.2535000000000036 0.03539253765256569 0 
0.25400000000000367 0.03539253765256569 0 
0.25450000000000367 0.03539253765256569 0 
0.25500000000000367 0.03539253765256569 0 
0.25550000000000367 0.03539253765256569 0 
0.25600000000000367 0.03539253765256569 0 
0.25650000000000367 0.03539253765256569 0 
0.25700000000000367 0.03539253765256569 0 
0.25750000000000367 0.03539253765256569 0 
0.25800000000000367 0.03539253765256569 0 
0.2585000000000037 0.03539253765256569 0 
0.2590000000000037 0.03539253765256569 0 
0.2595000000000037 0.03539253765256569 0 
0.26000000000000373 0.03539253765256569 0 
0.26050000000000373 0.03539253765256569 0 
0.26100000000000373 0.03539253765256569 0 
0.26150000000000373 0.03539253765256569 0 
0.26200000000000373 0.03539253765256569 0 
0.26250000000000373 0.03539253765256569 0 
0.2630000000000038 0.03539253765256569 0 
0.2635000000000038 0.03539253765256569 0 
0.2640000000000038 0.03539253765256569 0 
0.2645000000000038 0.03539253765256569 0 
0.2650000000000038 0.03539253765256569 0 
0.2655000000000038 0.03513279385666158 0 
0.2660000000000038 0.0340964102882157 0 
0.26650000000000384 0.0331566064141404 0 
0.26700000000000385 0.03229462169700405 0 
0.26750000000000385 0.03149731526195722 0 
0.26800000000000385 0.030755053277507438 0 
0.26850000000000385 0.03006051971411467 0 
0.26900000000000385 0.029408001428574554 0 
0.26950000000000385 0.028792935392881018 0 
0.27000000000000385 0.02821160660588635 0 
0.27050000000000385 0.0276609439067528 0 
0.2710000000000039 0.027138372734233557 0 
0.2715000000000039 0.026641710153033436 0 
0.2720000000000039 0.026169086891631547 0 
0.2725000000000039 0.025718887143677344 0 
0.2730000000000039 0.025289704108266947 0 
0.2735000000000039 0.02488030452869668 0 
0.2740000000000039 0.02448960000047261 0 
0.2745000000000039 0.02411662525291122 0 
0.2750000000000039 0.02376051985011345 0 
0.27550000000000396 0.0234205135304081 0 
0.27600000000000396 0.023095914280375912 0 
0.27650000000000396 0.02278609752097985 0 
0.27700000000000397 0.022490498481493534 0 
0.27750000000000397 0.02220860500901822 0 
0.27800000000000397 0.02193995103857596 0 
0.27850000000000397 0.02168411221588129 0 
0.27900000000000397 0.021440700650684274 0 
0.279500000000004 0.0212093623026478 0 
0.280000000000004 0.02098977254805117 0 
0.280500000000004 0.02078163414210255 0 
0.281000000000004 0.020584674623393525 0 
0.281500000000004 0.020398643913286975 0 
0.282000000000004 0.02022331262870087 0 
0.282500000000004 0.02005847041471502 0 
0.283000000000004 0.01990392477013347 0 
0.2835000000000041 0.01975949900959641 0 
0.2840000000000041 0.019625032129111184 0 
0.2845000000000041 0.019500376845147712 0 
0.2850000000000041 0.01938539949433753 0 
0.2855000000000041 0.019279978882649818 0 
0.2860000000000041 0.019184005582926957 0 
0.2865000000000041 0.01909738145348096 0 
0.2870000000000041 0.019020019165288254 0 
0.28750000000000414 0.018951841548616292 0 
0.28800000000000414 0.018892781449901246 0 
0.28850000000000414 0.018842780890601988 0 
0.28900000000000414 0.018801791555521367 0 
0.28950000000000414 0.018769773805421337 0 
0.29000000000000414 0.018746697000113725 0 
0.29050000000000414 0.018732539115803394 0 
0.29100000000000414 0.018727286663236344 0 
0.29150000000000414 0.018741730613143107 0 
0.2920000000000042 0.018791272380307575 0 
0.2925000000000042 0.0188767647145031 0 
0.2930000000000042 0.01899954731020859 0 
0.2935000000000042 0.0191616641037269 0 
0.2940000000000042 0.01934952247703493 0 
0.2945000000000042 0.0195377211581222 0 
0.2950000000000042 0.01972591983920947 0 
0.2955000000000042 0.01991411852029674 0 
0.29600000000000426 0.02010231720138401 0 
0.29650000000000426 0.02029051588247128 0 
0.29700000000000426 0.020478714563558553 0 
0.29750000000000426 0.02066691324464582 0 
0.29800000000000426 0.020855111925733093 0 
0.29850000000000426 0.02104331060682036 0 
0.29900000000000426 0.021231509287907634 0 
0.29950000000000426 0.0214197079689949 0 
0.3000000000000043 0.021607906650082175 0 
0.3005000000000043 0.021794113115243346 0 
0.3010000000000043 0.021979437506201637 0 
0.3015000000000043 0.02216476189715993 0 
0.3020000000000043 0.022350086288118222 0 
0.3025000000000043 0.022535410679076513 0 
0.3030000000000043 0.022720735070034807 0 
0.3035000000000043 0.022906059460993097 0 
0.3040000000000044 0.023091383851951388 0 
0.3045000000000044 0.023276708242909682 0 
0.3050000000000044 0.023462032633867973 0 
0.3055000000000044 0.023647357024826263 0 
0.3060000000000044 0.023832681415784554 0 
0.3065000000000044 0.024016881582740617 0 
0.3070000000000044 0.02419893533686982 0 
0.3075000000000044 0.02438098909099903 0 
0.3080000000000044 0.02456304284512824 0 
0.30850000000000444 0.02474509659925745 0 
0.30900000000000444 0.02492715035338666 0 
0.30950000000000444 0.025109204107515867 0 
0.31000000000000444 0.025291257861645072 0 
0.31050000000000444 0.025473311615774288 0 
0.31100000000000444 0.025655365369903493 0 
0.31150000000000444 0.0258374191240327 0 
0.31200000000000444 0.026019472878161913 0 
0.31250000000000444 0.026198556842216426 0 
0.3130000000000045 0.026376855561330105 0 
0.3135000000000045 0.02655515428044378 0 
0.3140000000000045 0.02673345299955746 0 
0.3145000000000045 0.026911751718671138 0 
0.3150000000000045 0.027090050437784816 0 
0.3155000000000045 0.02726834915689849 0 
0.3160000000000045 0.02744664787601217 0 
0.31650000000000456 0.02762494659512585 0 
0.31700000000000456 0.027803245314239527 0 
0.31750000000000456 0.027981393480916456 0 
0.31800000000000456 0.02815533654769629 0 
0.31850000000000456 0.028329279614476125 0 
0.31900000000000456 0.02850322268125596 0 
0.31950000000000456 0.028677165748035797 0 
0.32000000000000456 0.02885110881481563 0 
0.32050000000000456 0.02902505188159545 0 
0.3210000000000046 0.029198994948375297 0 
0.3215000000000046 0.029372938015155142 0 
0.3220000000000046 0.029546881081934963 0 
0.32250000000000456 0.02972044180306456 0 
0.3230000000000046 0.029889271970784084 0 
0.3235000000000047 0.030058102138503604 0 
0.3240000000000046 0.030226932306223104 0 
0.3245000000000046 0.030395762473942604 0 
0.3250000000000046 0.03056459264166213 0 
0.3255000000000047 0.030733422809381655 0 
0.3260000000000047 0.030902252977101155 0 
0.3265000000000046 0.031071083144820655 0 
0.3270000000000047 0.03123991331254018 0 
0.32750000000000473 0.03140319552836509 0 
0.3280000000000047 0.03156593927480332 0 
0.3285000000000047 0.031728683021241544 0 
0.32900000000000473 0.031891426767679795 0 
0.32950000000000473 0.03205417051411805 0 
0.33000000000000473 0.03221691426055627 0 
0.3305000000000047 0.0323796580069945 0 
0.33100000000000473 0.03254240175343275 0 
0.3315000000000048 0.03270113174218901 0 
0.33200000000000474 0.032856508243810735 0 
0.33250000000000474 0.03301188474543246 0 
0.33300000000000474 0.03316726124705421 0 
0.3335000000000048 0.03332263774867595 0 
0.3340000000000048 0.03347801425029768 0 
0.33450000000000474 0.0336333907519194 0 
0.3350000000000048 0.03378876725354115 0 
0.33550000000000485 0.03393527474010826 0 
0.3360000000000048 0.03408155132631731 0 
0.3365000000000048 0.034227827912526355 0 
0.3370000000000048 0.03437410449873543 0 
0.33750000000000485 0.034520381084944506 0 
0.33800000000000485 0.03466665767115355 0 
0.3385000000000048 0.03481061797315297 0 
0.33900000000000485 0.03494536926703579 0 
0.3395000000000049 0.035080120560918616 0 
0.34000000000000485 0.03521487185480142 0 
0.34050000000000485 0.03534962314868423 0 
0.34100000000000485 0.035484374442567045 0 
